/picker/src/main/java/me/angrybyte/numberpicker/Coloring.java,0:
/picker/src/main/java/me/angrybyte/numberpicker/view/ActualNumberPicker.java,0:
/demo/src/main/java/me/angrybyte/numberpicker/demo/DemoActivity.java,1:
