/src/org/netbeans/modules/php/drupal/drush/ui/CommandProcessor.java,233
/src/org/netbeans/modules/php/drupal/drush/ui/CommandHistoryEvent.java,9
/src/org/netbeans/modules/php/drupal/drush/ui/DrushTopComponent.java,257
/src/org/netbeans/modules/php/drupal/drush/ui/CommandHistory.java,171
/src/org/netbeans/modules/php/drupal/drush/ui/CommandProcessorEvent.java,7
/src/org/netbeans/modules/php/drupal/ui/DrupalToolsTopComponent.java,166
/src/org/netbeans/modules/php/drupal/ui/apitree/TemplateParser.java,39
/src/org/netbeans/modules/php/drupal/ui/apitree/ApiTreeItem.java,35
/src/org/netbeans/modules/php/drupal/ui/apitree/ApiTreeMenu.java,3
/src/org/netbeans/modules/php/drupal/ui/apitree/ApitTreeUI.java,403
/src/org/netbeans/modules/php/drupal/ui/apitree/ApiTreeEvent.java,20
/src/org/netbeans/modules/php/drupal/ui/apitree/ApiTreeMenuItem.java,4
/src/org/netbeans/modules/php/drupal/ui/apitree/TreeMerger.java,65
/src/org/netbeans/modules/php/drupal/ui/customizer/DrupalCustomizer.java,31
/src/org/netbeans/modules/php/drupal/ui/customizer/DrupalCustomizerPanel.java,218
/src/org/netbeans/modules/php/drupal/ui/searchbar/DrupalSearchUI.java,75
/src/org/netbeans/modules/php/drupal/ui/searchbar/autocomplete/AutoCompleteDocument.java,37
/src/org/netbeans/modules/php/drupal/ui/searchbar/autocomplete/AutoCompleteEvent.java,7
/src/org/netbeans/modules/php/drupal/ui/searchbar/autocomplete/AutoComplete.java,95
/src/org/netbeans/modules/php/drupal/ui/searchbar/DrupalSearch.java,26
/src/org/netbeans/modules/php/drupal/ui/options/DrupalPanel.java,213
/src/org/netbeans/modules/php/drupal/ui/options/DrupalOptionsPanelController.java,57
/src/org/netbeans/modules/php/drupal/DrupalDevelPreferences.java,137
/src/org/netbeans/modules/php/drupal/DrupalDevelTool.java,5
/src/org/netbeans/modules/php/drupal/wizards/WizardUtils.java,94
/src/org/netbeans/modules/php/drupal/wizards/theme/ThemeWizardWizardPanel2.java,92
/src/org/netbeans/modules/php/drupal/wizards/theme/ThemeWizardWizardIterator.java,142
/src/org/netbeans/modules/php/drupal/wizards/theme/ThemeWizardVisualPanel2.java,196
/src/org/netbeans/modules/php/drupal/wizards/module/ModuleWizardIterator.java,147
/src/org/netbeans/modules/php/drupal/wizards/module/ModuleVisualPanel2.java,185
/src/org/netbeans/modules/php/drupal/wizards/module/ModuleWizardPanel2.java,92
/src/org/netbeans/modules/php/drupal/ContextAwareActionWrapper.java,57
/src/org/netbeans/modules/php/drupal/util/LibraryParser.java,80
/src/org/netbeans/modules/php/drupal/util/DrupalEditorUtilities.java,58
/src/org/netbeans/modules/php/drupal/util/ResourceCleaner.java,14
/src/org/netbeans/modules/php/drupal/util/Util.java,133
