/src/main/java/com/twitter/whiskey/nio/RunLoop.java,28:
/src/main/java/com/twitter/whiskey/nio/Selectable.java,1:
/src/main/java/com/twitter/whiskey/nio/SSLSocket.java,27:
/src/main/java/com/twitter/whiskey/nio/Socket.java,33:
/src/main/java/com/twitter/whiskey/futures/Inline.java,1:
/src/main/java/com/twitter/whiskey/futures/ReactiveFuture.java,50:
/src/main/java/com/twitter/whiskey/futures/CompletableFuture.java,24:
/src/main/java/com/twitter/whiskey/net/ClientConfiguration.java,1:
/src/main/java/com/twitter/whiskey/net/SpdyHeaderBlockZlibEncoder.java,9:
/src/main/java/com/twitter/whiskey/net/SpdyCodecUtil.java,10:
/src/main/java/com/twitter/whiskey/net/SpdyProtocolException.java,1:
/src/main/java/com/twitter/whiskey/net/Headers.java,1:
/src/main/java/com/twitter/whiskey/net/SpdySession.java,73:
/src/main/java/com/twitter/whiskey/net/SessionManager.java,24:
/src/main/java/com/twitter/whiskey/net/SpdyFrameEncoder.java,14:
/src/main/java/com/twitter/whiskey/net/StatsFutureImpl.java,1:
/src/main/java/com/twitter/whiskey/net/SpdyFrameDecoder.java,73:
/src/main/java/com/twitter/whiskey/net/Request.java,4:
/src/main/java/com/twitter/whiskey/net/SpdyStreamManager.java,20:
/src/main/java/com/twitter/whiskey/net/SpdySessionException.java,3:
/src/main/java/com/twitter/whiskey/net/Response.java,1:
/src/main/java/com/twitter/whiskey/net/WhiskeyClient.java,4:
/src/main/java/com/twitter/whiskey/net/RequestStats.java,1:
/src/main/java/com/twitter/whiskey/net/SpdyStream.java,73:
/src/main/java/com/twitter/whiskey/net/SpdySettings.java,11:
/src/main/java/com/twitter/whiskey/net/RequestOperation.java,13:
/src/main/java/com/twitter/whiskey/net/SpdyHeaderBlockZlibDecoder.java,8:
/src/main/java/com/twitter/whiskey/net/Header.java,3:
/src/main/java/com/twitter/whiskey/net/PushFuture.java,1:
/src/main/java/com/twitter/whiskey/net/HeadersFutureImpl.java,2:
/src/main/java/com/twitter/whiskey/net/BodyFutureImpl.java,7:
/src/main/java/com/twitter/whiskey/net/SpdyHeaderBlockRawEncoder.java,10:
/src/main/java/com/twitter/whiskey/net/SpdyHeaderBlockRawDecoder.java,43:
/src/main/java/com/twitter/whiskey/net/SpdyHeaderBlockDecoder.java,1:
/src/main/java/com/twitter/whiskey/net/SpdyConstants.java,1:
/src/main/java/com/twitter/whiskey/net/SpdyStreamException.java,3:
/src/main/java/com/twitter/whiskey/net/SpdyHeaderBlockEncoder.java,1:
/src/main/java/com/twitter/whiskey/demo/HttpUrlConnectionImpl.java,26:
/src/main/java/com/twitter/whiskey/util/AbstractMultiMap.java,27:
/src/main/java/com/twitter/whiskey/util/LinkedHashDeque.java,29:
/src/main/java/com/twitter/whiskey/util/ListMultiMap.java,7:
/src/main/java/com/twitter/whiskey/util/DequeMultiMap.java,7:
/src/main/java/com/twitter/whiskey/util/Platform.java,5:
/src/main/java/com/twitter/whiskey/util/UniqueMultiMap.java,8:
/src/main/java/com/twitter/whiskey/util/DefaultClock.java,1:
/src/main/java/com/twitter/whiskey/util/Origin.java,5:
/src/main/java/com/twitter/whiskey/util/ZlibInflater.java,68:
